1
181
151
451
121
421
271
496
1
241
31
331
121
421
571
769
1
181
1
151
211
511
421
721
721
1021
61
355
1
181
151
451
541
841
631
931
1
301
151
451
61
361
1
181
451
751
691
991
901
1201
1
241
541
760
1
211
661
961
1080
1380
1201
1501
1321
1621
1561
1861
1740
2040
3
270
121
421
511
811
871
1108
1
151
1
301
751
1051
1021
1321
1381
1681
1
211
3
300
151
451
31
331
91
382
1
211
31
331
211
511
481
781
511
811
601
895
691
895
31
331
211
421
61
361
1
211
361
661
451
751
721
1021
1021
1321
1
181
30
330
301
511
271
571
121
421
240
540
601
901
871
1171
1201
1501
1
181
181
481
631
931
121
421
391
691
1
181
361
511
1
241
121
421
391
691
901
1201
1
181
301
601
720
1020
1141
1441
2611
2851
1
271
2190
2490
151
451
1
181
751
1051
1351
1651
2071
2371
2281
2545
1
181
211
511
481
781
631
931
841
1141
1141
1441
1351
1651
91
391
1471
1771
2131
2431
2911
3211
31
331
631
931
931
1231
1381
1681
1621
1921
751
1051
1
271
1
241
1591
1891
1
211
421
721
1110
1410
151
451
1
271
1
241
181
481
511
781
1
241
1
301
241
541
571
871
781
1081
1
301
1
241
151
451
181
481
511
802
1
181
91
373
1
301
61
361
211
511
451
751
691
937
1
241
121
421
691
991
391
613
1
301
241
541
631
931
781
1081
1021
1270
511
811
1
193
181
481
1080
1287
1
241
121
421
1021
1321
1291
1591
1381
1681
1
241
361
661
571
871
811
982
151
451
271
571
751
1051
571
871
961
1192
1
268
1
160
1
181
1
211
601
901
871
1171
1351
1651
1771
2071
1
151
331
631
571
871
1
271
360
660
601
856
1
301
151
451
301
601
481
781
775
1075
933
1233
1
151
301
601
480
780
901
1201
1051
1351
1
181
721
1021
1120
1420
1270
1570
1360
1660
1761
2061
1941
2241
2211
2511
2901
3180
1
181
121
421
481
781
1081
1261
1
211
10
310
340
640
641
941
1181
1481
1553
1853
2461
2761
2791
3070
211
511
331
631
1
199
141
441
406
706
2
155
68
368
622
922
1
151
38
338
156
393
214
391
278
578
348
648
468
729
550
727
49
235
3
225
309
609
1393
1693
2
179
87
387
178
478
1
166
359
659
1497
1797
2081
2381
2449
2749
2
155
2
152
52
352
198
498
3
234
76
376
258
477
3
186
3
288
85
385
149
449
655
811
121
421
576
876
836
1136
3
153
376
676
2
155
117
417
1154
1454
1324
1624
419
719
2
251
370
670
944
1244
1424
1724
2569
2869
2693
2993
81
381
2
155
76
301
2
155
1183
1483
3
276
178
430
8
308
1
253
1
208
1
259
160
460
623
884
2
191
232
532
1
214
129
429
2
188
78
378
2
197
152
338
1
157
216
516
669
969
1074
1374
1
232
230
530
793
949
2
155
410
683
3
153
1
277
3
195
36
336
158
458
3
267
133
433
3
222
100
370
2
161
77
377
91
391
1
157
209
509
1
157
7
307
309
609
2
206
57
357
208
382
1
157
8
308
159
459
260
560
3
156
57
357
258
558
409
628
1
193
44
344
1
199
58
358
2
155
574
874
1146
1446
3
156
37
337
197
365
3
156
112
412
616
916
3
159
88
364
2
158
89
389
407
707
529
745
3
303
344
644
503
803
10
310
77
359
1
157
49
349
1
157
197
497
684
984
1375
1675
2
203
141
441
375
675
787
1030
3
261
209
509
1
187
408
708
637
937
3
192
90
390
233
533
729
1008
1
181
111
411
552
852
954
1254
1072
1321
2
158
35
335
156
456
1
214
266
566
542
842
1004
1238
2
191
288
588
724
946
3
156
112
412
189
489
366
666
1
214
91
391
192
492
343
643
2
149
3
150
3
150
2
287
88
388
189
489
535
835
777
1077
3
303
58
328
3
159
47
347
248
470
2
158
401
632
124
424
1
202
253
553
354
654
806
1070
2
158
167
467
438
738
1
256
57
357
208
508
1
157
108
408
259
559
810
1110
1161
1461
3
168
169
469
469
769
671
923
1
208
1
256
110
410
261
561
411
663
465
663
2
155
56
356
407
707
808
1060
902
1061
1
178
3
291
192
429
1
157
158
458
309
609
610
910
786
993
1
160
49
349
250
550
1
151
495
795
1
160
236
536
487
787
638
890
3
156
24
324
625
925
926
1226
2
158
3
168
53
353
204
504
605
905
2
158
109
409
2
158
2
215
38
215
2
158
2
197
2
203
2
302
320
620
432
729
1
160
12
312
273
573
626
851
1
157
155
455
344
617
2
131
2
131
2
212
22
289
127
289
3
159
169
469
804
1104
1107
1404
1198
1405
1
166
151
340
1
157
30
330
1
169
3
171
148
436
253
436
3
186
22
322
175
385
3
156
56
245
2
275
77
377
516
669
3
156
32
332
173
473
1
178
1
199
212
512
316
547
2
155
139
334
3
171
8
170
125
293
3
156
4
304
109
409
358
625
3
219
162
462
417
717
904
1147
2
155
26
326
496
649
2
218
122
422
384
684
2
167
57
357
333
501
2
182
177
477
495
795
1002
1269
2
218
157
457
429
729
848
1148
1055
1247
3
159
207
507
990
1266
1
208
240
540
456
630
3
174
247
547
547
847
1010
1310
3
180
175
364
1
172
43
250
3
159
53
326
1
295
255
555
338
596
439
595
3
291
296
596
490
685
3
183
372
666
500
665
3
156
496
796
787
1087
923
1223
11
311
247
547
525
825
1
247
175
349
1
214
8
308
115
415
290
482
3
210
89
389
287
587
2
209
120
420
270
570
740
893
1
265
278
452
1
208
192
492
323
587
3
162
32
332
164
335
3
207
201
501
461
761
977
1277
1177
1477
7
307
2
218
43
343
204
432
3
252
78
357
2
209
88
388
354
510
1
205
4
304
272
473
3
246
120
330
1
157
87
345
1
268
172
472
481
781
672
906
1
169
51
324
103
403
284
584
1023
1323
3
210
112
412
405
705
2
158
7
307
322
586
3
162
49
349
211
511
1423
1723
1741
1894
1
205
137
437
1
241
225
414
1
178
242
542
1
157
1
175
2
167
2
278
1
244
131
347
3
156
2
245
238
478
32
332
326
527
2
155
28
328
1
295
372
663
3
186
3
267
73
268
2
215
14
314
239
539
1
106
2
107
2
107
1
157
341
641
2
155
112
301
3
171
33
186
3
156
33
186
1
148
3
150
2
173
268
424
5
305
153
318
2
158
154
454
363
519
100
400
672
972
2
221
176
389
3
189
69
369
2
155
173
473
299
476
2
233
298
451
2
263
172
472
474
630
25
277
2
155
80
380
251
551
3
192
80
380
1
214
154
454
339
516
2
155
149
449
347
566
51
351
294
498
133
433
230
530
465
618
3
156
181
352
3
231
73
373
309
468
3
156
50
338
1
187
125
425
1
157
135
381
1
184
251
419
2
248
185
485
1
217
51
351
1
100
1
214
128
410
258
411
1
199
109
409
2
155
2
284
166
466
331
631
627
927
765
1065
1056
1356
1268
1568
1569
1869
1924
2140
3
156
28
316
122
314
162
315
3
156
1
268
70
268
1
154
3
201
1
202
12
201
34
202
3
156
127
427
674
974
1013
1313
1236
1536
3
156
28
328
288
588
539
839
679
979
1
157
104
404
255
513
2
173
1
157
269
431
1
232
83
383
284
584
1084
1384
1658
1916
2
158
62
362
330
630
731
1031
982
1282
1183
1435
3
231
2
200
3
264
257
434
343
643
1126
1279
3
165
1
175
433
733
787
1087
884
1100
2
152
523
823
757
1057
1032
1332
1258
1501
3
156
117
417
621
921
797
1097
1001
1235
3
165
75
375
476
776
853
1153
970
1270
1078
1378
123
369
87
387
540
786
1
157
349
649
577
877
970
1270
1430
1730
1683
1983
1
157
255
555
491
791
2
173
135
435
395
695
590
779
1
232
146
446
501
801
897
1197
997
1297
1585
1885
3
180
484
784
837
1137
1174
1348
3
186
1
280
43
343
3
162
3
210
1
211
1
163
3
303
406
706
723
1023
3
156
458
758
670
970
811
1111
1173
1473
1380
1680
2
194
161
461
652
952
3
174
133
433
750
1050
1
202
242
542
690
990
2
170
35
335
329
629
871
1087
1
172
193
493
1395
1695
1713
1908
3
156
207
507
359
659
1311
1611
70
370
483
783
1151
1451
1376
1538
1
190
40
340
173
473
424
724
664
964
815
1115
1566
1866
1
178
230
530
343
643
798
1098
1057
1285
1
154
173
473
633
933
808
1108
1237
1537
1443
1743
3
192
398
698
901
1117
1
157
95
395
673
973
881
1112
2
182
40
340
209
509
702
1002
2
155
233
533
909
1116
2
155
50
350
362
551
1
190
76
376
323
542
3
153
2
263
95
311
3
171
93
369
161
368
2
155
9
309
118
418
848
1064
3
156
53
353
2
155
164
464
757
907
3
195
55
265
3
54
3
54
2
233
246
546
736
889
2
155
3
177
3
156
2
257
3
156
2
257
92
392
1
157
3
285
390
543
133
427
2
290
192
492
2
182
28
181
2
161
2
161
3
84
1
85
2
83
1
199
185
473
2
155
88
388
280
580
470
770
1055
1355
2
155
13
313
126
426
1
157
240
540
721
1021
1
157
408
708
564
864
776
1076
1351
1573
2
221
75
375
1226
1526
2
275
547
775
3
225
44
344
603
825
1
184
5
281
2
185
3
204
3
156
14
311
102
309
2
155
172
472
668
968
890
1097
2
155
111
411
335
635
3
177
46
346
3
171
36
336
149
449
1
169
69
369
262
562
518
818
871
1132
1
235
185
485
788
1043
1
157
1
241
109
262
1
220
45
324
151
322
3
189
133
433
1
160
1
292
87
243
1
154
270
570
488
788
1
223
76
376
329
629
2
275
115
343
3
243
152
452
429
729
1071
1335
3
171
8
308
128
428
407
707
1
154
132
432
3
156
450
750
2
218
393
693
3
219
303
603
647
947
357
657
794
1094
2
158
414
714
1045
1195
3
156
1
286
119
419
267
432
3
156
14
314
243
504
323
503
2
155
3
276
96
351
2
158
108
408
3
213
127
427
3
156
1
262
309
609
1009
1213
2
158
78
378
251
551
704
1004
2
200
186
486
493
793
2
155
163
463
388
574
3
225
100
400
857
1028
2
155
286
586
628
781
1
190
1
160
2
275
3
156
1
292
149
413
2
188
141
441
1
154
1
208
68
368
309
609
787
940
3
156
65
365
227
527
1
286
234
468
27
327
296
557
3
156
258
558
400
577
1
241
237
522
329
521
1
166
99
399
199
499
612
912
3
156
403
634
3
225
168
468
784
937
1
214
228
528
641
860
3
255
103
256
3
192
212
512
639
939
785
1052
2
173
42
342
159
375
2
158
9
309
129
354
1
277
192
492
371
671
3
210
212
512
992
1292
1
154
104
404
242
428
2
158
1
259
258
435
1
169
23
323
675
828
109
409
463
763
727
1027
3
165
71
371
387
687
3
99
3
99
1
286
66
366
1
217
42
216
3
276
27
276
93
276
2
173
27
327
1
226
52
250
1
118
2
119
3
87
1
88
3
210
122
272
3
174
171
471
481
694
3
264
347
497
3
288
127
427
677
830
38
338
607
781
2
209
260
560
3
219
400
691
1
217
132
432
741
1041
1
274
1037
1277
1
235
364
664
2299
2599
3
177
2
284
148
364
185
365
1
187
1
301
667
865
1
160
3
156
1
157
298
571
400
571
1
157
1
235
162
315
3
156
298
514
3
195
44
344
323
521
2
158
194
494
3
213
515
797
1
256
309
609
467
662
3
201
181
466
1
217
131
431
436
736
1
238
172
472
632
932
3
156
170
470
1703
2003
2
152
224
524
708
1008
1043
1343
1
184
30
270
447
687
2
155
1
232
29
230
851
1058
1
178
3
261
125
425
209
443
1
157
126
426
716
1016
1317
1617
130
430
300
600
2
275
411
711
735
885
2
155
708
1008
997
1297
1246
1423
2
266
71
371
2
227
400
700
127
427
254
476
170
470
1032
1332
1334
1634
1593
1893
3
195
244
544
565
865
1337
1595
118
418
569
869
3
204
221
521
910
1150
3
282
236
494
855
1020
181
481
3
156
683
983
968
1268
1615
1915
320
620
1325
1625
1975
2275
2166
2352
1
154
35
335
580
754
2
188
725
1025
973
1273
364
664
1057
1225
3
240
886
1099
3
174
1
184
1
292
611
845
2
251
717
870
2
155
408
606
2
230
259
559
632
788
1
154
77
353
2258
2558
1
154
49
349
311
611
80
380
810
1050
46
346
265
565
1270
1534
3
159
1460
1760
1722
1992
2
155
231
531
429
729
797
1097
1479
1707
3
126
109
385
498
798
845
1145
1
175
540
840
654
870
152
452
399
699
1
232
96
258
3
294
135
435
734
1034
1317
1617
1
235
631
931
1055
1355
21
321
168
324
2
212
331
631
130
430
338
638
891
1191
1486
1639
107
407
545
845
833
1133
987
1287
3
153
570
870
2
155
123
423
326
626
1530
1830
2
215
739
1039
3
189
208
508
431
635
2
173
128
428
923
1223
1241
1541
1387
1576
2
155
719
1019
1
154
694
994
1314
1587
3
156
748
1048
977
1136
126
426
718
994
149
449
667
967
33
333
761
1061
1105
1303
3
237
276
576
852
1152
1169
1469
1270
1516
1
277
1013
1280
1128
1278
20
320
734
1034
3
234
27
327
89
389
788
1034
2
230
68
368
436
736
1020
1182
2
191
241
541
697
997
1792
2092
2220
2520
319
619
1057
1357
1373
1673
1704
1857
3
291
807
1107
1195
1387
3
156
625
925
767
1067
1288
1588
3
288
173
473
787
1087
2
287
660
960
822
1122
1071
1371
1517
1817
1930
2230
