31
301
271
421
91
181
271
721
31
1
361
571
871
211
31
301
691
781
151
301
211
31
601
841
1051
91
691
61
811
1230
1351
1471
1711
1890
120
271
661
1021
1
151
901
1171
1531
61
150
301
181
241
61
181
361
631
661
751
841
181
361
211
61
511
601
871
1171
31
180
451
421
271
390
751
1021
1351
31
331
781
271
541
31
511
91
271
541
1051
31
451
870
1291
2761
121
2340
301
31
901
1501
2221
2431
31
361
631
781
991
1291
1501
241
1621
2281
3061
181
781
1081
1531
1771
901
121
91
1741
61
571
1260
301
121
91
331
661
91
151
391
721
931
151
91
301
331
661
31
241
151
211
361
601
841
91
271
841
541
151
391
781
931
1171
661
61
331
1230
91
271
1171
1441
1531
91
511
721
961
301
421
901
721
1111
151
31
31
61
751
1021
1501
1921
1
481
721
121
510
751
151
301
451
631
925
1083
1
451
630
1051
1201
31
871
1270
1420
1510
1911
2091
2361
3051
31
271
631
1231
61
160
490
791
1331
1703
2611
2941
361
481
49
291
556
5
218
772
1
188
306
364
428
498
618
700
199
75
459
1543
29
237
328
112
509
1647
2231
2599
5
2
202
348
84
226
408
36
138
235
299
805
271
726
986
3
526
5
267
1304
1474
569
101
520
1094
1574
2719
2843
231
5
226
5
1333
126
328
158
103
58
109
310
773
41
382
64
279
38
228
47
302
7
366
819
1224
82
380
943
5
560
3
148
45
186
308
117
283
72
250
11
227
241
7
359
7
157
459
56
207
358
7
158
309
410
6
207
408
559
43
194
49
208
5
724
1296
6
187
347
6
262
766
9
238
8
239
557
679
153
494
653
160
227
7
199
7
347
834
1525
53
291
525
937
111
359
37
558
787
42
240
383
879
31
261
702
1104
1222
8
185
306
64
416
692
1154
41
438
874
6
262
339
516
64
241
342
493
29
87
135
137
238
339
685
927
153
208
9
197
398
8
551
274
52
403
504
956
8
317
588
106
207
358
7
258
409
960
1311
18
319
619
821
58
106
260
411
561
615
5
206
557
958
1052
28
141
342
7
308
459
760
936
10
199
400
1
645
10
386
637
788
6
174
775
1076
8
18
203
354
755
8
259
8
137
188
8
131
53
152
470
582
10
162
423
776
7
305
494
41
101
62
172
277
9
319
954
1257
1348
16
301
7
180
19
21
298
403
36
172
325
6
206
125
227
666
6
182
323
28
49
362
466
5
289
42
158
275
6
154
259
508
69
312
567
1054
5
176
646
68
272
534
17
207
483
32
327
645
1152
68
307
579
998
1205
9
357
1140
58
390
606
24
397
697
1160
30
325
22
193
9
203
145
405
488
589
141
446
640
33
522
650
6
646
937
1073
161
397
675
97
325
64
158
265
440
60
239
437
59
270
420
890
115
428
58
342
473
12
182
314
57
351
611
1127
1327
157
68
193
354
102
228
59
238
504
55
154
422
96
270
7
237
118
322
631
822
19
201
253
434
1173
60
262
555
8
157
472
12
199
361
1573
1891
55
287
91
375
28
392
7
25
17
128
94
281
6
95
388
182
476
5
178
145
522
36
117
223
65
164
389
7
59
89
7
491
5
262
21
183
6
183
22
132
23
418
155
303
8
304
513
250
822
71
326
39
219
5
323
449
83
448
113
322
624
175
5
230
401
42
230
64
304
489
5
299
497
201
444
283
380
615
6
331
81
223
459
6
200
37
275
7
285
34
401
98
335
67
201
7
64
278
408
49
259
5
134
316
481
777
915
1206
1418
1719
2074
6
178
272
312
6
118
220
4
75
97
162
184
6
277
824
1163
1386
6
178
438
689
829
7
254
405
23
7
419
82
233
434
1234
1808
8
212
480
881
1132
1333
81
50
147
407
493
1276
15
25
583
937
1034
2
673
907
1182
1408
6
267
771
947
1151
15
225
626
1003
1120
1228
273
237
690
7
499
727
1120
1580
1833
7
405
641
23
285
545
740
82
296
651
1047
1147
1735
30
634
987
1324
36
130
193
12
72
148
13
153
556
873
6
608
820
961
1323
1530
44
311
802
24
283
900
52
392
840
20
185
479
1021
22
343
1545
1863
6
357
509
1461
220
633
1301
1526
40
190
323
574
814
965
1716
28
380
493
948
1207
4
323
783
958
1387
1593
42
548
1051
7
245
823
1031
32
190
359
852
5
383
1059
5
200
512
40
226
473
3
113
245
21
243
311
5
159
268
998
6
203
5
314
907
45
205
6
48
83
396
886
5
75
6
107
6
107
242
7
135
540
283
140
342
62
178
44
119
18
52
83
49
335
5
238
430
620
1205
5
163
276
7
390
871
7
558
714
926
1501
71
225
1376
125
697
75
194
753
34
155
35
54
6
164
252
5
322
818
1040
5
261
485
27
196
21
186
299
19
219
412
668
1021
85
335
938
7
91
259
70
195
301
39
283
10
142
237
4
420
638
73
226
479
125
265
93
302
579
1221
21
158
278
557
4
282
6
600
68
543
69
453
797
507
944
8
564
1195
6
136
269
417
6
164
393
473
5
126
246
8
258
63
277
6
112
459
1159
8
228
401
854
50
336
643
5
313
538
75
250
1007
5
436
778
40
10
137
6
142
299
38
291
4
58
218
459
937
6
215
377
136
384
177
446
6
408
550
91
387
479
16
249
349
762
6
553
75
318
934
64
378
791
120
253
42
362
789
935
23
192
309
8
159
279
127
342
521
60
362
1142
4
254
392
8
109
408
19
173
825
259
613
877
15
221
537
54
96
136
216
67
192
126
177
243
23
177
76
202
7
116
3
55
60
272
24
321
631
114
497
138
277
827
188
757
59
410
69
550
67
282
891
124
1187
85
514
2449
27
134
298
335
37
151
817
10
6
7
448
550
7
85
312
6
448
45
194
473
8
344
63
665
106
459
617
51
331
67
281
586
88
322
782
6
320
1853
2
374
858
1193
34
180
597
5
97
179
1001
28
111
275
359
7
276
866
1467
280
450
125
561
885
5
858
1147
1396
116
221
77
550
277
404
320
1182
1484
1743
45
394
715
1487
268
719
54
371
1060
132
386
1005
331
6
833
1118
1765
470
1475
2125
2316
4
185
730
38
875
1123
514
1207
90
1036
24
34
142
761
101
867
5
558
80
409
782
4
227
2408
4
199
461
230
960
196
415
1420
9
1610
1872
5
381
579
947
1629
6
259
648
995
25
690
804
302
549
82
246
144
285
884
1467
85
781
1205
171
318
62
481
280
488
1041
1636
257
695
983
1137
3
720
5
273
476
1680
65
889
39
358
581
23
278
1073
1391
1537
5
869
4
844
1464
6
898
1127
276
868
299
817
183
911
1255
87
426
1002
1319
1420
127
1163
1278
170
884
84
177
239
938
80
218
586
1170
41
391
847
1942
2370
469
1207
1523
1854
141
957
1345
6
775
917
1438
138
323
937
137
810
972
1221
1667
2080
